370
-1.5 0 1
-1.5 0.1 1
-1.5 0.2 1
-1.5 0.3 1
-1.5 0.4 1
-1.5 0.5 1
-1.35 0 1
-1.35 0.1 0
-1.35 0.2 0
-1.35 0.3 0
-1.35 0.4 0
-1.35 0.5 1
-1.2 0 1
-1.2 0.1 0
-1.2 0.2 0
-1.2 0.3 0
-1.2 0.4 0
-1.2 0.5 1
-1.05 0 1
-1.05 0.1 0
-1.05 0.2 0
-1.05 0.3 0
-1.05 0.4 0
-1.05 0.5 1
-0.9 0 1
-0.9 0.1 0
-0.9 0.2 0
-0.9 0.3 0
-0.9 0.4 0
-0.9 0.5 1
-0.75 0 1
-0.75 0.1 0
-0.75 0.2 0
-0.75 0.3 0
-0.75 0.4 0
-0.75 0.5 1
-0.6 0 1
-0.6 0.1 0
-0.6 0.2 0
-0.6 0.3 0
-0.6 0.4 0
-0.6 0.5 1
-0.45 0 1
-0.45 0.1 0
-0.45 0.2 0
-0.45 0.3 0
-0.45 0.4 0
-0.45 0.5 1
-0.3 0 1
-0.3 0.1 0
-0.3 0.2 0
-0.3 0.3 0
-0.3 0.4 0
-0.3 0.5 1
-0.15 0 1
-0.15 0.1 0
-0.15 0.2 0
-0.15 0.3 0
-0.15 0.4 0
-0.15 0.5 0
0 0 1
0 0.1 0
0 0.2 0
0 0.3 0
0 0.4 0
0 0.5 0
0.15 0 1
0.15 0.1 0
0.15 0.2 0
0.15 0.3 0
0.15 0.4 0
0.15 0.5 0
0.3 0 1
0.3 0.1 0
0.3 0.2 0
0.3 0.3 0
0.3 0.4 0
0.3 0.5 1
0.45 0 1
0.45 0.1 0
0.45 0.2 0
0.45 0.3 0
0.45 0.4 0
0.45 0.5 1
0.6 0 1
0.6 0.1 0
0.6 0.2 0
0.6 0.3 0
0.6 0.4 0
0.6 0.5 1
0.75 0 1
0.75 0.1 0
0.75 0.2 0
0.75 0.3 0
0.75 0.4 0
0.75 0.5 1
0.9 0 1
0.9 0.1 0
0.9 0.2 0
0.9 0.3 0
0.9 0.4 0
0.9 0.5 1
1.05 0 1
1.05 0.1 0
1.05 0.2 0
1.05 0.3 0
1.05 0.4 0
1.05 0.5 1
1.2 0 1
1.2 0.1 0
1.2 0.2 0
1.2 0.3 0
1.2 0.4 0
1.2 0.5 1
1.35 0 1
1.35 0.1 0
1.35 0.2 0
1.35 0.3 0
1.35 0.4 0
1.35 0.5 1
1.5 0 1
1.5 0.1 1
1.5 0.2 1
1.5 0.3 1
1.5 0.4 1
1.5 0.5 1
-0.25 0.645 1
-0.25 0.79 1
-0.25 0.935 1
-0.25 1.08 1
-0.25 1.225 1
-0.25 1.37 1
-0.25 1.515 1
-0.25 1.66 1
-0.25 1.805 1
-0.25 1.95 1
-0.25 2.095 1
-0.25 2.24 1
-0.25 2.385 1
-0.25 2.53 1
-0.25 2.675 1
-0.25 2.82 1
-0.25 2.965 1
-0.25 3.11 1
-0.25 3.255 1
-0.25 3.4 1
-0.166666666666667 0.645 0
-0.166666666666667 0.79 0
-0.166666666666667 0.935 0
-0.166666666666667 1.08 0
-0.166666666666667 1.225 0
-0.166666666666667 1.37 0
-0.166666666666667 1.515 0
-0.166666666666667 1.66 0
-0.166666666666667 1.805 0
-0.166666666666667 1.95 0
-0.166666666666667 2.095 0
-0.166666666666667 2.24 0
-0.166666666666667 2.385 0
-0.166666666666667 2.53 0
-0.166666666666667 2.675 0
-0.166666666666667 2.82 0
-0.166666666666667 2.965 0
-0.166666666666667 3.11 0
-0.166666666666667 3.255 0
-0.166666666666667 3.4 0
-0.0833333333333333 0.645 0
-0.0833333333333333 0.79 0
-0.0833333333333333 0.935 0
-0.0833333333333333 1.08 0
-0.0833333333333333 1.225 0
-0.0833333333333333 1.37 0
-0.0833333333333333 1.515 0
-0.0833333333333333 1.66 0
-0.0833333333333333 1.805 0
-0.0833333333333333 1.95 0
-0.0833333333333333 2.095 0
-0.0833333333333333 2.24 0
-0.0833333333333333 2.385 0
-0.0833333333333333 2.53 0
-0.0833333333333333 2.675 0
-0.0833333333333333 2.82 0
-0.0833333333333333 2.965 0
-0.0833333333333333 3.11 0
-0.0833333333333333 3.255 0
-0.0833333333333333 3.4 0
0 0.645 0
0 0.79 0
0 0.935 0
0 1.08 0
0 1.225 0
0 1.37 0
0 1.515 0
0 1.66 0
0 1.805 0
0 1.95 0
0 2.095 0
0 2.24 0
0 2.385 0
0 2.53 0
0 2.675 0
0 2.82 0
0 2.965 0
0 3.11 0
0 3.255 0
0 3.4 0
0.0833333333333333 0.645 0
0.0833333333333333 0.79 0
0.0833333333333333 0.935 0
0.0833333333333333 1.08 0
0.0833333333333333 1.225 0
0.0833333333333333 1.37 0
0.0833333333333333 1.515 0
0.0833333333333333 1.66 0
0.0833333333333333 1.805 0
0.0833333333333333 1.95 0
0.0833333333333333 2.095 0
0.0833333333333333 2.24 0
0.0833333333333333 2.385 0
0.0833333333333333 2.53 0
0.0833333333333333 2.675 0
0.0833333333333333 2.82 0
0.0833333333333333 2.965 0
0.0833333333333333 3.11 0
0.0833333333333333 3.255 0
0.0833333333333333 3.4 0
0.166666666666667 0.645 0
0.166666666666667 0.79 0
0.166666666666667 0.935 0
0.166666666666667 1.08 0
0.166666666666667 1.225 0
0.166666666666667 1.37 0
0.166666666666667 1.515 0
0.166666666666667 1.66 0
0.166666666666667 1.805 0
0.166666666666667 1.95 0
0.166666666666667 2.095 0
0.166666666666667 2.24 0
0.166666666666667 2.385 0
0.166666666666667 2.53 0
0.166666666666667 2.675 0
0.166666666666667 2.82 0
0.166666666666667 2.965 0
0.166666666666667 3.11 0
0.166666666666667 3.255 0
0.166666666666667 3.4 0
0.25 0.645 1
0.25 0.79 1
0.25 0.935 1
0.25 1.08 1
0.25 1.225 1
0.25 1.37 1
0.25 1.515 1
0.25 1.66 1
0.25 1.805 1
0.25 1.95 1
0.25 2.095 1
0.25 2.24 1
0.25 2.385 1
0.25 2.53 1
0.25 2.675 1
0.25 2.82 1
0.25 2.965 1
0.25 3.11 1
0.25 3.255 1
0.25 3.4 1
-1 3.4 1
-1 3.5 1
-1 3.6 1
-1 3.7 1
-1 3.8 1
-1 3.9 1
-1 4 1
-0.857142857142857 3.4 1
-0.857142857142857 3.5 0
-0.857142857142857 3.6 0
-0.857142857142857 3.7 0
-0.857142857142857 3.8 0
-0.857142857142857 3.9 0
-0.857142857142857 4 1
-0.714285714285714 3.4 1
-0.714285714285714 3.5 0
-0.714285714285714 3.6 0
-0.714285714285714 3.7 0
-0.714285714285714 3.8 0
-0.714285714285714 3.9 0
-0.714285714285714 4 1
-0.571428571428571 3.4 1
-0.571428571428571 3.5 0
-0.571428571428571 3.6 0
-0.571428571428571 3.7 0
-0.571428571428571 3.8 0
-0.571428571428571 3.9 0
-0.571428571428571 4 1
-0.428571428571429 3.4 1
-0.428571428571429 3.5 0
-0.428571428571429 3.6 0
-0.428571428571429 3.7 0
-0.428571428571429 3.8 0
-0.428571428571429 3.9 0
-0.428571428571429 4 1
-0.285714285714286 3.4 1
-0.285714285714286 3.5 0
-0.285714285714286 3.6 0
-0.285714285714286 3.7 0
-0.285714285714286 3.8 0
-0.285714285714286 3.9 0
-0.285714285714286 4 1
-0.142857142857143 3.4 0
-0.142857142857143 3.5 0
-0.142857142857143 3.6 0
-0.142857142857143 3.7 0
-0.142857142857143 3.8 0
-0.142857142857143 3.9 0
-0.142857142857143 4 1
0 3.5 0
0 3.6 0
0 3.7 0
0 3.8 0
0 3.9 0
0 4 1
0.142857142857143 3.4 0
0.142857142857143 3.5 0
0.142857142857143 3.6 0
0.142857142857143 3.7 0
0.142857142857143 3.8 0
0.142857142857143 3.9 0
0.142857142857143 4 1
0.285714285714286 3.4 1
0.285714285714286 3.5 0
0.285714285714286 3.6 0
0.285714285714286 3.7 0
0.285714285714286 3.8 0
0.285714285714286 3.9 0
0.285714285714286 4 1
0.428571428571429 3.4 1
0.428571428571429 3.5 0
0.428571428571429 3.6 0
0.428571428571429 3.7 0
0.428571428571429 3.8 0
0.428571428571429 3.9 0
0.428571428571429 4 1
0.571428571428571 3.4 1
0.571428571428571 3.5 0
0.571428571428571 3.6 0
0.571428571428571 3.7 0
0.571428571428571 3.8 0
0.571428571428571 3.9 0
0.571428571428571 4 1
0.714285714285714 3.4 1
0.714285714285714 3.5 0
0.714285714285714 3.6 0
0.714285714285714 3.7 0
0.714285714285714 3.8 0
0.714285714285714 3.9 0
0.714285714285714 4 1
0.857142857142857 3.4 1
0.857142857142857 3.5 0
0.857142857142857 3.6 0
0.857142857142857 3.7 0
0.857142857142857 3.8 0
0.857142857142857 3.9 0
0.857142857142857 4 1
1 3.4 1
1 3.5 1
1 3.6 1
1 3.7 1
1 3.8 1
1 3.9 1
1 4 1
614
72 78 247
187 167 66
167 60 66
54 60 127
72 207 66
207 187 66
60 147 127
167 147 60
227 72 247
227 207 72
266 330 323
246 266 323
309 165 185
226 316 206
316 226 323
266 329 330
303 302 146
310 303 146
322 246 323
226 322 323
322 245 246
245 322 225
322 226 225
166 309 310
166 310 146
309 166 165
186 316 310
309 186 310
316 186 206
186 309 185
62 55 61
55 62 56
67 62 61
62 67 68
218 197 217
197 218 198
74 67 73
67 74 68
78 83 84
83 78 77
62 63 56
63 57 56
63 69 70
63 70 64
63 62 68
69 63 68
63 58 57
58 63 64
78 71 77
71 78 72
70 71 64
71 65 64
65 71 66
71 72 66
159 138 158
138 159 139
123 117 122
122 117 116
122 115 121
115 122 116
7 2 1
8 2 7
43 49 44
49 50 44
49 55 56
50 49 56
24 17 23
17 24 18
14 13 19
20 14 19
13 14 7
14 8 7
21 14 20
14 21 15
38 37 43
38 43 44
358 357 364
365 358 364
315 320 321
320 315 314
320 326 327
326 320 319
76 71 70
71 76 77
83 76 82
76 83 77
29 34 35
34 29 28
29 24 23
24 29 30
59 52 58
52 59 53
59 54 53
54 59 60
59 58 64
65 59 64
59 65 66
60 59 66
176 155 175
156 155 176
155 156 136
135 155 136
260 241 240
241 260 261
79 80 73
80 74 73
86 79 85
86 80 79
86 87 81
80 86 81
86 93 87
93 86 92
93 88 87
88 93 94
87 88 81
88 82 81
29 22 28
22 29 23
26 20 19
25 26 19
34 39 40
39 34 33
178 159 158
178 179 159
178 197 198
197 178 177
237 216 236
216 237 217
257 237 236
257 236 256
236 255 256
235 255 236
196 176 175
196 175 195
196 197 177
176 196 177
197 196 217
196 216 217
215 196 195
196 215 216
216 215 236
215 235 236
157 178 158
178 157 177
138 157 158
137 157 138
157 156 176
157 176 177
156 157 136
157 137 136
359 358 365
366 359 365
326 333 327
333 334 327
74 75 68
75 69 68
69 75 70
75 76 70
80 75 74
75 80 81
76 75 82
82 75 81
34 41 35
41 34 40
57 51 56
51 50 56
58 51 57
52 51 58
239 260 240
260 239 259
220 239 240
239 220 219
199 180 179
180 199 200
220 199 219
199 220 200
178 199 179
199 178 198
218 199 198
219 199 218
234 233 253
254 234 253
234 255 235
255 234 254
233 232 253
232 252 253
153 154 133
133 154 134
154 155 135
154 135 134
120 125 126
125 120 119
119 120 113
120 114 113
251 231 230
251 230 250
232 251 252
251 232 231
91 86 85
86 91 92
98 91 97
91 98 92
89 88 94
95 89 94
83 89 84
84 89 90
89 83 82
88 89 82
118 119 113
112 118 113
125 118 124
118 125 119
118 123 124
118 117 123
118 111 117
111 118 112
21 16 15
22 16 21
17 16 23
16 22 23
11 17 18
12 11 18
11 16 17
16 11 10
5 11 6
11 12 6
11 5 4
10 11 4
9 2 8
9 3 2
3 9 4
9 10 4
14 9 8
9 14 15
16 9 15
9 16 10
32 25 31
32 26 25
32 39 33
39 32 38
37 32 31
38 32 37
27 34 28
34 27 33
32 27 26
27 32 33
22 27 28
27 22 21
27 21 20
26 27 20
45 38 44
45 39 38
39 45 40
45 46 40
50 45 44
51 45 50
45 51 52
45 52 46
141 160 161
160 141 140
159 160 139
139 160 140
179 160 159
180 160 179
142 141 161
142 161 162
325 333 326
333 325 332
340 333 332
339 340 332
228 227 248
248 227 247
229 228 248
229 248 249
230 229 250
250 229 249
229 230 210
209 229 210
229 208 228
208 229 209
208 227 228
227 208 207
47 41 40
46 47 40
47 52 53
52 47 46
54 47 53
47 54 48
36 29 35
29 36 30
238 239 219
238 219 218
239 238 259
238 258 259
238 218 217
237 238 217
257 238 237
238 257 258
241 221 240
221 220 240
220 221 200
221 201 200
231 211 230
230 211 210
152 153 133
152 133 132
131 152 132
152 131 151
131 150 151
150 131 130
214 215 195
194 214 195
215 214 235
214 234 235
152 173 153
173 152 172
193 173 192
173 172 192
102 107 108
107 102 101
107 112 113
112 107 106
114 107 113
108 107 114
99 93 92
98 99 92
104 97 103
104 98 97
325 331 332
331 325 324
331 324 323
330 331 323
331 339 332
339 331 338
331 337 338
331 330 337
245 266 246
266 245 265
165 164 184
185 165 184
245 244 265
265 244 264
224 244 225
244 245 225
205 224 225
205 204 224
205 185 184
204 205 184
165 144 164
144 165 145
307 315 308
315 307 314
307 313 314
313 307 306
313 320 314
320 313 319
305 313 306
313 305 312
275 268 267
274 275 267
277 269 276
269 277 270
269 275 276
275 269 268
305 311 312
311 305 304
318 326 319
318 325 326
325 318 324
324 318 317
313 318 319
318 313 312
311 318 312
318 311 317
361 360 368
368 360 367
360 359 366
360 366 367
344 337 336
343 344 336
360 352 359
352 360 353
320 328 321
328 320 327
334 328 327
335 328 334
333 341 334
340 341 333
341 340 347
348 341 347
147 148 127
127 148 128
189 209 210
190 189 210
189 190 170
169 189 170
42 47 48
47 42 41
41 42 35
42 36 35
161 181 162
181 182 162
160 181 161
181 160 180
181 180 200
201 181 200
242 241 261
242 261 262
232 212 231
212 211 231
212 191 211
191 212 192
191 190 210
211 191 210
149 150 130
129 149 130
149 169 170
150 149 170
148 149 128
149 129 128
234 213 233
214 213 234
213 214 194
193 213 194
213 232 233
213 212 232
213 193 192
212 213 192
174 173 193
174 193 194
174 154 153
173 174 153
175 174 195
174 194 195
155 174 175
154 174 155
89 96 90
96 89 95
102 96 101
96 95 101
100 107 101
107 100 106
100 95 94
95 100 101
93 100 94
99 100 93
109 110 103
110 104 103
115 110 109
110 115 116
117 110 116
111 110 117
105 111 112
105 112 106
110 105 104
105 110 111
100 105 106
105 100 99
105 99 98
104 105 98
226 205 225
205 226 206
311 316 317
316 311 310
324 316 323
316 324 317
330 329 337
337 329 336
303 311 304
311 303 310
243 244 224
223 243 224
244 243 264
243 263 264
243 242 262
263 243 262
283 277 276
277 283 284
303 296 302
302 296 295
286 294 287
294 286 293
299 305 306
305 299 298
291 283 290
283 291 284
279 280 273
272 279 273
280 279 287
279 286 287
358 351 357
357 351 350
359 351 358
352 351 359
351 344 343
351 343 350
351 345 344
345 351 352
337 345 338
344 345 337
342 341 348
342 348 349
342 335 334
341 342 334
188 208 209
189 188 209
208 188 207
207 188 187
204 203 224
203 223 224
203 204 184
183 203 184
144 163 164
163 144 143
164 163 184
163 183 184
163 142 162
142 163 143
182 163 162
183 163 182
152 171 172
171 152 151
172 171 192
171 191 192
150 171 151
171 150 170
190 171 170
191 171 190
165 166 145
166 146 145
205 186 185
186 205 206
296 289 295
289 288 295
297 291 290
291 297 298
297 289 296
289 297 290
305 297 304
297 305 298
297 303 304
297 296 303
294 300 301
300 294 293
301 300 308
300 307 308
307 300 306
300 299 306
292 300 293
300 292 299
299 292 298
292 291 298
291 285 284
292 285 291
286 285 293
285 292 293
362 361 368
369 362 368
363 362 370
362 369 370
354 360 361
360 354 353
362 354 361
354 362 355
354 348 347
354 355 348
348 356 349
355 356 348
356 362 363
362 356 355
354 346 353
346 354 347
346 352 353
346 345 352
346 340 339
340 346 347
346 339 338
345 346 338
168 149 148
149 168 169
168 189 169
168 188 189
168 148 147
168 147 167
188 168 187
168 167 187
202 183 182
202 203 183
181 202 182
202 181 201
289 282 288
288 282 281
283 282 290
282 289 290
282 275 274
282 274 281
275 282 276
282 283 276
278 277 284
285 278 284
279 278 286
278 285 286
277 278 270
278 271 270
278 279 272
278 272 271
222 221 241
242 222 241
221 222 201
222 202 201
222 243 223
243 222 242
203 222 223
202 222 203
