371
0.6 0.6 1
3.4 0.6 1
3.4 3 1
0.6 3 1
0 3 1
0 0 1
4 3 1
4 0 1
0.747368421052632 0.6 1
0.894736842105263 0.6 1
1.0421052631579 0.6 1
1.18947368421053 0.6 1
1.33684210526316 0.6 1
1.48421052631579 0.6 1
1.63157894736842 0.6 1
1.77894736842105 0.6 1
1.92631578947369 0.6 1
2.07368421052632 0.6 1
2.22105263157895 0.6 1
2.36842105263158 0.6 1
2.51578947368421 0.6 1
2.66315789473684 0.6 1
2.81052631578948 0.6 1
2.95789473684211 0.6 1
3.10526315789474 0.6 1
3.25263157894737 0.6 1
3.4 0.75 1
3.4 0.9 1
3.4 1.05 1
3.4 1.2 1
3.4 1.35 1
3.4 1.5 1
3.4 1.65 1
3.4 1.8 1
3.4 1.95 1
3.4 2.1 1
3.4 2.25 1
3.4 2.4 1
3.4 2.55 1
3.4 2.7 1
3.4 2.85 1
0.6 2.85 1
0.6 2.7 1
0.6 2.55 1
0.6 2.4 1
0.6 2.25 1
0.6 2.1 1
0.6 1.95 1
0.6 1.8 1
0.6 1.65 1
0.6 1.5 1
0.6 1.35 1
0.6 1.2 1
0.6 1.05 1
0.6 0.9 1
0.6 0.75 1
0 2.85 1
0 2.7 1
0 2.55 1
0 2.4 1
0 2.25 1
0 2.1 1
0 1.95 1
0 1.8 1
0 1.65 1
0 1.5 1
0 1.35 1
0 1.2 1
0 1.05 1
0 0.9 1
0 0.75 1
0 0.6 1
0 0.45 1
0 0.3 1
0 0.15 1
0.45 3 1
0.299999999999999 3 1
0.15 3 1
3.85 3 1
3.7 3 1
3.55 3 1
4 0.15 1
4 0.3 1
4 0.45 1
4 0.6 1
4 0.75 1
4 0.9 1
4 1.05 1
4 1.2 1
4 1.35 1
4 1.5 1
4 1.65 1
4 1.8 1
4 1.95 1
4 2.1 1
4 2.25 1
4 2.4 1
4 2.55 1
4 2.7 1
4 2.85 1
0.148148148148148 0 1
0.296296296296296 0 1
0.444444444444444 0 1
0.592592592592592 0 1
0.74074074074074 0 1
0.888888888888888 0 1
1.03703703703704 0 1
1.18518518518518 0 1
1.33333333333333 0 1
1.48148148148148 0 1
1.62962962962963 0 1
1.77777777777777 0 1
1.92592592592592 0 1
2.07407407407407 0 1
2.22222222222222 0 1
2.37037037037036 0 1
2.51851851851851 0 1
2.66666666666666 0 1
2.81481481481481 0 1
2.96296296296296 0 1
3.11111111111111 0 1
3.25925925925926 0 1
3.40740740740741 0 1
3.55555555555555 0 1
3.7037037037037 0 1
3.85185185185185 0 1
0.366818987988257 0.132236478844289 0
3.633192233439 0.132225825216947 0
2 0.472375203652819 0
2.29473684210526 0.472375203652819 0
1.70526315789474 0.472375203652819 0
2.59084738742893 0.475773133065267 0
1.40986333457412 0.4741087540728 0
2.8862658188249 0.475757232399966 0
1.11382169349628 0.475768934035292 0
3.17190442641044 0.472288061213468 0
0.828115083850608 0.472356704503735 0
3.52876430345742 0.675 0
0.471235696542577 0.675 0
0.470096189432335 2.625 0
3.52990381056767 1.125 0
3.87009618943233 1.725 0
0.470096189432335 2.325 0
3.86493090762872 2.62558312153501 0
3.52990381056767 1.425 0
0.46742785106376 2.04059591905561 0
3.52990381056767 2.025 0
0.127872107968409 0.978169740901398 0
3.87009618943233 2.325 0
0.470096189432334 1.725 0
0.46742785106376 1.4094040809444 0
0.470999798584863 0.526682157747531 0
3.52932952022546 0.526421654268452 0
0.666666666666665 0.128300059819917 0
3.33333333333333 0.128300059819917 0
2.14826178222111 0.128313812086245 0
1.851965333217 0.128313812403724 0
2.44455791388269 0.128313801448232 0
1.55566918879786 0.128313811917177 0
2.74085509685179 0.128314513516588 0
1.25937274127897 0.128313812404298 0
3.03710425780691 0.128268922808623 0
0.963076595556212 0.128313811919227 0
0.129903810567666 0.375 0
3.86686597471547 0.391006438795748 0
3.8669411828466 0.808843791550002 0
0.129903810567666 1.275 0
3.87001909515221 1.27492678828499 0
0.129903810567666 2.475 0
0.129903810567666 2.175 0
0.473288014498503 1.14170608312825 0
0.129903810567666 1.875 0
0.126785250333729 1.59154693808725 0
3.53257214893624 2.4594040809444 0
0.342362028644446 0.601001197599551 0
3.65808350132775 0.601028682549689 0
3.52990381056767 1.725 0
3.87009618943233 2.025 0
0.127015806758375 2.77436439460787 0
3.52701580675837 2.77436439460787 0
0.342558535423981 0.749775323266498 0
0.591268913004515 0.446558734155228 0
0.478683217932777 0.378333643237539 0
3.40871786473937 0.446335311494635 0
3.52142616431842 0.378033079418288 0
0.384485895949922 2.8813940644825 0
3.78448589594992 2.8813940644825 0
3.65759296536493 0.750110325637606 0
0.213576649946649 0.675390803713319 0
0.598937192335248 0.294367334306511 0
3.40099329359636 0.294167981196818 0
3.78015023488153 0.683674649036737 0
0.223221633082449 0.53457652920879 0
3.79146477529245 0.534090166082393 0
0.22317441020049 0.815609524215148 0
0.340237568950748 0.914423309278919 0
0.125527659271142 0.225803307760556 0
0.25932852242056 0.3 0
3.87813416295691 0.229262022951242 0
3.7406620419189 0.300000169801621 0
3.18518597230724 0.12824072810602 0
3.1111673566936 0.250155333133384 0
2.96307197196385 0.249933419493015 0
3.03402538652784 0.378811530807067 0
2.88893739160236 0.127173767965844 0
2.81492935926092 0.249694039140218 0
2.66677687055714 0.249867828691924 0
2.73963117495512 0.379910817703407 0
2.5926489257013 0.127170130460373 0
2.51863151799082 0.249678161085772 0
2.37048034786283 0.249861833950297 0
2.44430076351267 0.383189097447831 0
2.29635254794752 0.127168973760345 0
2.22233546829417 0.249674039138741 0
2.0741841927364 0.24986018217929 0
2.14821436126547 0.384514883486992 0
2.00005620087971 0.127168744308355 0
1.926038932021 0.249672580860594 0
1.77788775465189 0.24986059742166 0
1.8519171506309 0.384514883503774 0
1.70375995677386 0.127168769603892 0
1.62974287398611 0.249673488064942 0
1.48159160042834 0.249863534000036 0
1.55562176503435 0.384514883301765 0
1.40746360863119 0.127169302729586 0
1.3334463416053 0.24967667704488 0
1.18529516489781 0.249868480037366 0
1.25998704321608 0.382044010361003 0
1.11116736433067 0.127170083561133 0
1.03715028285048 0.249682219994834 0
0.88899879322869 0.249108324892363 0
0.966098539190209 0.378660542576151 0
0.814852066815843 0.127041142261193 0
0.747699414360291 0.253922752531356 0
0.515906246630186 0.167700768605952 0
3.25233362666337 0.254215703525315 0
3.48409981285981 0.167569360736069 0
3.86959714015595 0.97226894285343 0
3.74415643980196 0.904432914423762 0
3.74714585044236 1.05017552435977 0
3.61051561267614 0.974892134514172 0
3.87115008896578 1.12452863812363 0
3.74783135692554 1.19982606491278 0
3.74768431185591 1.34984435601781 0
3.61019615934414 1.27474770793658 0
3.87120637805629 1.42493551483514 0
3.75607645440246 1.48738165230217 0
3.52990381056767 1.875 0
3.65345195359767 1.95 0
3.64413950020167 2.0875 0
3.65239267567473 1.8 0
3.789711431703 1.875 0
3.64389247131557 1.66246432335268 0
3.87402492008623 2.1818047611018 0
3.74473725841333 2.25695618716852 0
3.74253792639638 2.39704793953772 0
3.610288568297 2.325 0
3.52990381056767 2.625 0
3.64344744130233 2.70081535308162 0
3.64291680454721 2.56003657233767 0
0.129903810567666 2.325 0
0.253451953597671 2.25 0
0.257383513108467 2.10325385256143 0
0.389711431702997 2.175 0
0.252392675674728 2.4 0
0.252216129354238 2.55 0
0.389711431702998 2.475 0
0.469651466370906 1.5724006801574 0
0.344046989008323 1.65637154112803 0
0.347190481426272 1.80106192352134 0
0.212146420841404 1.72741004378189 0
0.12956519346779 1.12552829015023 0
0.255822454298126 1.20689280946017 0
0.261064653456882 1.362522589395 0
0.387361355655056 1.27698124607503 0
0.259807621135332 1.05 0
3.52330921867616 1.58390524742039 0
0.470096189432335 1.875 0
0.128157227969269 2.62489406576798 0
0.241891095572417 2.70079769737628 0
0.34019237886467 1.5 0
0.355522849240889 1.94027630709616 0
3.53033384594572 2.18881020476989 0
3.87355496437424 2.46780041574366 0
0.125571061909296 2.03234706986203 0
0.123237888377942 1.42984492124704 0
3.87680015114855 1.56602265768062 0
3.65863157120882 0.441313429589464 0
0.343489159956287 0.430853793797261 0
3.53202091639603 0.840735276124924 0
0.477172762991762 0.980039993721491 0
0.471867427318178 0.828206437711152 0
3.78297337885819 0.128612965406019 0
0.217624831882567 0.128026022557091 0
0.235762033306283 2.86578121713267 0
3.63587546958397 2.86578250399166 0
0.484133121878501 2.78379519221162 0
3.8832722415779 2.78389237913412 0
0.392678883188017 0.2644839116648 0
3.60751090605431 0.26435388885397 0
0.708319264953685 0.381080483493012 0
3.29165884076642 0.380964714664707 0
2.88758474230653 0.346821407908735 0
1.11247054473017 0.347204837400929 0
2.59203754288894 0.34768380759884 0
1.40810201697164 0.348041571756097 0
2.29601355660808 0.347923011535336 0
1.7040865404396 0.348187811188992 0
2.00007092733075 0.348187546736694 0
3.03107070530001 0.5053713648841 0
0.96897548436005 0.505357236223036 0
2.73808571834705 0.506288236633728 0
1.26199757215203 0.506384339693819 0
2.44281910387253 0.506267486833184 0
1.55730754623749 0.506199768205477 0
2.1475376090952 0.505853058158526 0
1.85248869328408 0.505853058161883 0
0.110685480533893 0.63269308495019 0
0.119824536940767 0.750012925949837 0
3.89542904333328 0.657334357936801 0
3.91075195866824 0.526486192562988 0
0.824159481948831 0.347068740705801 0
3.17591392991238 0.347218514599793 0
3.49189777975018 0.974999999999999 0
0.380117867258329 1.05023430544732 0
3.64911855799117 1.12492828634466 0
0.219980689065837 1.49998126933966 0
0.345299138005734 2.62242605818555 0
0.508230194658295 2.175 0
3.49176980534171 2.325 0
3.74633124152525 2.01833265237297 0
0.0917698053417049 1.725 0
0.351072736422145 2.325 0
0.253977706619162 1.86922526300145 0
0.508230194658296 2.475 0
3.9082301946583 1.875 0
0.508230194658296 1.275 0
3.7460956437257 1.73161187175702 0
3.73501683665808 2.63035823805322 0
3.49171787242598 1.275 0
3.65380860729547 1.41819715296811 0
3.89029627927879 0.110189774466304 0
0.109629377170997 0.110116348737703 0
0.109807621135332 2.89019237886467 0
3.50980762113533 2.89019237886467 0
0.490192378864668 2.89019237886467 0
3.89019237886467 2.89019237886467 0
0.698298336265747 0.497849249163639 0
3.30166121606935 0.497759680556455 0
0.360116703370093 2.75266709390295 0
3.76002426702408 2.75618470992255 0
0.230782012624318 0.414653437625644 0
0.115765489468054 0.501153841964104 0
0.109759752862432 0.860566984040891 0
3.76440609078391 0.416602551067307 0
0.227285586925849 0.931215074472255 0
3.75432410787157 0.791708686944002 0
3.64171328343257 0.858122241050002 0
3.64440489826051 2.20576310916204 0
0.363764762788023 1.39082856661077 0
0.355561925206973 2.05582576854796 0
0.248630345622792 1.59506195846737 0
3.64431862095141 2.44421903258418 0
3.75876012258319 2.13490895012614 0
0.241380598043659 1.98495755142407 0
0.351279462569069 1.14516288882215 0
3.75702050120876 2.51512523606407 0
3.64070293470991 1.53586207511285 0
3.75784242484941 1.61541757734247 0
3.50278771374526 0.274601580035419 0
0.497243736610919 0.274594513989393 0
614
198 294 127
128 293 200
127 299 198
200 300 128
104 235 103
124 237 123
198 299 289
288 300 200
289 299 183
190 235 154
185 300 288
155 237 191
154 234 190
154 235 104
103 235 127
123 237 155
128 237 124
191 236 155
318 319 71
72 318 71
194 320 192
194 321 320
259 351 296
280 350 295
197 294 198
200 293 199
259 296 180
280 295 179
134 303 204
232 304 135
204 310 134
135 311 232
132 305 208
228 306 133
208 312 132
133 313 228
130 307 212
224 308 131
212 314 130
131 315 224
129 309 216
220 309 129
216 316 129
129 317 220
131 308 220
216 307 130
289 352 198
220 317 131
130 316 216
165 321 194
133 306 224
212 305 132
196 325 276
224 315 133
137 322 232
132 314 212
200 355 288
204 323 136
135 304 228
208 303 134
228 313 135
134 312 208
192 320 166
241 324 290
141 324 241
241 326 141
145 340 245
232 311 137
235 299 127
245 341 145
128 300 237
136 310 204
257 330 283
143 333 264
140 328 267
264 329 143
267 335 140
171 337 275
271 332 173
281 327 274
178 331 252
252 336 178
275 337 151
142 336 252
174 330 257
172 332 271
252 338 142
267 333 143
143 335 267
271 334 172
146 329 264
141 326 245
245 340 141
296 351 187
295 350 186
194 355 165
276 356 196
291 292 55
56 139 1
197 198 164
2 138 27
139 152 1
165 200 199
74 197 164
119 205 160
113 217 157
109 225 161
105 233 154
117 209 158
107 229 163
115 213 156
111 221 159
2 153 138
205 206 160
225 226 161
217 218 157
213 214 156
229 230 163
221 222 159
209 210 158
203 206 205
215 218 217
223 226 225
207 210 209
227 230 229
219 222 221
211 214 213
92 287 91
165 199 83
233 234 154
231 234 233
75 197 74
91 287 246
2 184 153
152 182 1
196 292 291
74 164 73
83 199 82
120 205 119
114 217 113
110 225 109
106 233 105
118 209 117
108 229 107
112 221 111
116 213 115
155 201 122
84 165 83
91 246 90
201 236 202
206 207 160
206 208 207
155 236 201
214 216 215
222 224 223
230 232 231
226 228 227
218 220 219
210 212 211
214 215 156
222 223 159
230 231 163
226 227 161
218 219 157
210 211 158
142 287 92
202 204 203
201 202 162
238 239 166
87 238 166
202 203 162
185 288 153
184 191 185
168 243 242
168 244 243
121 201 162
90 246 168
168 242 89
87 166 86
123 155 122
111 159 110
121 162 120
113 157 112
115 156 114
119 160 118
125 128 124
107 163 106
105 154 104
117 158 116
103 127 102
109 161 108
272 276 273
148 276 272
89 242 88
122 201 121
160 209 118
156 217 114
159 225 110
163 233 106
161 229 108
157 221 112
158 213 116
162 205 120
88 238 87
183 190 182
244 245 243
168 246 244
88 242 238
246 247 244
97 284 149
62 285 170
266 280 279
177 277 253
61 261 60
174 260 258
258 260 259
77 186 76
265 266 169
262 265 261
174 258 39
251 252 249
34 248 35
59 279 58
90 168 89
263 264 262
80 187 79
95 178 94
96 254 95
99 144 98
149 254 96
98 284 97
58 279 179
60 261 169
68 272 167
58 179 57
69 272 68
39 258 40
45 143 46
68 167 67
266 279 169
149 284 256
170 285 263
177 251 248
273 275 274
33 277 177
38 174 39
93 142 92
51 151 52
150 269 268
256 257 255
35 147 36
177 248 34
70 148 69
150 278 270
177 253 251
150 268 50
53 171 54
167 286 67
272 273 167
170 262 261
258 259 180
248 251 249
270 271 269
35 248 147
146 278 48
50 268 51
148 272 69
261 265 169
279 280 179
95 254 178
32 277 33
64 172 63
66 173 65
145 277 32
36 283 37
40 258 180
63 285 62
33 177 34
265 267 266
29 141 30
43 140 44
51 268 151
146 282 278
249 250 147
150 270 269
273 274 167
97 149 96
47 146 48
48 278 49
49 150 50
49 278 150
248 249 147
149 255 254
169 279 59
170 261 61
66 286 173
31 145 32
62 170 61
170 263 262
60 169 59
67 286 66
278 282 270
268 281 151
147 283 36
40 180 41
274 286 167
269 281 268
250 283 147
149 256 255
172 285 63
144 284 98
246 287 247
207 209 160
215 217 156
223 225 159
231 233 163
227 229 161
219 221 157
211 213 158
240 241 239
238 240 239
203 205 162
242 243 240
238 242 240
11 135 12
9 137 10
13 133 14
15 131 16
23 134 24
17 129 18
19 130 20
21 132 22
25 136 26
153 288 176
176 194 192
152 183 182
184 185 153
152 289 183
166 357 192
188 290 138
189 193 175
181 196 195
176 192 188
139 175 152
54 291 55
181 195 189
181 189 175
175 289 152
139 181 175
176 188 138
153 176 138
138 290 27
176 288 194
297 350 140
298 351 144
139 292 181
193 289 175
171 291 54
27 290 28
55 292 56
56 292 139
275 366 171
173 362 271
274 360 281
181 292 196
290 358 241
140 350 328
144 351 339
283 359 257
151 360 275
257 363 174
264 361 146
78 295 77
100 298 99
42 297 43
81 296 80
126 293 125
102 294 101
125 293 128
127 294 102
80 296 187
77 295 186
43 297 140
99 298 144
82 342 8
8 342 126
6 343 75
101 343 6
206 303 208
230 304 232
210 305 212
226 306 228
214 307 216
222 308 224
218 309 220
204 303 203
228 304 227
208 305 207
224 306 223
212 307 211
220 308 219
216 309 215
25 310 136
134 310 24
137 311 10
11 311 135
132 312 22
23 312 134
13 313 133
135 313 12
21 314 132
130 314 20
15 315 131
133 315 14
19 316 130
129 316 18
131 317 16
17 317 129
84 321 165
232 322 231
166 320 86
202 323 204
291 325 196
29 324 141
245 326 243
267 328 266
264 333 262
38 330 174
252 331 249
45 335 143
173 332 65
283 330 37
178 336 94
64 332 172
53 337 171
93 336 142
151 337 52
140 335 44
47 329 146
143 329 46
251 338 252
274 327 286
270 334 271
265 333 267
31 340 145
141 340 30
244 341 245
240 326 241
142 369 287
4 346 42
57 344 5
76 346 4
3 345 81
5 344 78
41 345 3
7 347 100
79 347 7
73 353 72
276 366 273
269 362 281
254 364 178
172 365 285
144 367 284
145 368 277
290 324 28
2 349 184
26 349 2
1 348 9
182 348 1
71 354 70
234 301 190
191 302 236
300 370 237
235 371 299
338 369 142
190 301 182
184 302 191
136 323 302
301 322 137
341 368 145
325 366 276
281 362 327
178 364 331
334 365 172
339 367 144
72 353 318
190 371 235
237 370 191
319 354 71
137 348 301
302 349 136
203 303 206
227 304 230
207 305 210
223 306 226
211 307 214
219 308 222
215 309 218
24 310 25
10 311 11
22 312 23
12 313 13
20 314 21
14 315 15
18 316 19
16 317 17
100 347 298
78 344 295
42 346 297
81 345 296
320 321 85
86 320 85
189 318 193
85 321 84
231 322 234
195 319 189
189 319 318
294 343 101
126 342 293
236 323 202
28 324 29
266 328 280
260 339 259
65 332 64
37 330 38
286 327 173
262 333 265
52 337 53
44 335 45
253 338 251
94 336 93
46 329 47
282 334 270
249 331 250
243 326 240
30 340 31
247 341 244
199 342 82
75 343 197
9 348 137
193 353 352
136 349 26
171 325 291
179 344 57
186 346 76
187 347 79
180 345 41
148 356 276
257 359 255
256 363 257
263 361 264
275 360 274
241 358 239
239 357 166
288 355 194
352 353 164
198 352 164
164 353 73
70 354 148
193 352 289
165 355 200
196 356 195
192 357 188
239 358 357
255 364 254
273 366 275
271 362 269
146 361 282
174 363 260
250 359 283
281 360 151
285 365 263
284 367 256
277 368 253
287 369 247
188 358 290
357 358 188
354 356 148
191 370 185
183 371 190
195 356 354
298 347 187
297 346 186
295 344 179
296 345 180
197 343 294
293 342 199
263 365 361
256 367 363
361 365 282
363 367 260
250 364 359
359 364 255
186 350 297
187 351 298
368 369 253
247 369 368
299 371 183
234 322 301
302 323 236
328 350 280
339 351 259
185 370 300
301 348 182
184 349 302
318 353 193
195 354 319
247 368 341
253 369 338
331 364 250
327 362 173
260 367 339
282 365 334
171 366 325
